0
0.867692
0.640945
0.569593
0.557903
0.548181
0.546092
0.536125
0.53125
0.52937
0.529961
0.532287
0.531982
0.530918
0.530315
0.530962
0.532082
0.535585
0.535683
0.537095
0.537686
0.537536
0.53973
0.537554
0.537908
0.537415
0.537649
0.538251
0.539422
0.538321
0.539407
0.539305
0.540374
0.538325
0.538882
0.538092
0.537592
0.537039
0.536455
0.536554
0.537031
0.53673
0.537097
0.536183
0.535967
0.536519
0.536814
0.537359
0.53798
0.538244
0.539249
0.539256
0.539706
0.539589
0.540282
0.539659
0.539094
0.539511
0.539787
0.540137
0.5404
0.540738
0.541271
0.542098
0.542592
0.54207
0.542084
0.541528
0.542411
0.542533
0.542274
0.543155
0.544019
0.543764
0.544592
0.544893
0.544805
0.544424
0.544879
0.544656
0.545562
0.545533
0.545748
0.546853
0.547206
0.547227
0.547281
0.547396
0.547862
0.547667
0.548037
0.548155
0.548486
0.548108
0.548105
0.547694
0.547832
0.54743
0.548427
0.548156
0.548728
