0
0.779352
0.580677
0.537849
0.520562
0.517928
0.516694
0.516733
0.518786
0.522501
0.520273
0.51779
0.517451
0.516774
0.518638
0.519914
0.522828
0.524648
0.524337
0.524812
0.525301
0.526239
0.526542
0.528034
0.530245
0.532132
0.533592
0.533941
0.533712
0.534499
0.534981
0.534629
0.534073
0.53528
0.535504
0.535595
0.536093
0.536853
0.537768
0.537962
0.539707
0.540737
0.540474
0.539948
0.540184
0.540353
0.540892
0.539841
0.540042
0.540508
0.540596
0.540759
0.541281
0.5414
0.54189
0.542112
0.542148
0.541862
0.541958
0.5428
0.54293
0.543026
0.542783
0.542311
0.541898
0.542252
0.542032
0.542535
0.542586
0.542667
0.542771
0.543123
0.543804
0.543573
0.544021
0.544222
0.544695
0.545206
0.545632
0.545916
0.545815
0.546182
0.546513
0.54659
0.547114
0.547676
0.547613
0.547466
0.547589
0.547624
0.547363
0.547214
0.547333
0.54767
0.547653
0.54773
0.547727
0.547854
0.547554
0.547334
0.547552
