0.825193
0.814536
0.817355
0.817518
0.817604
0.817331
0.814632
0.813544
0.81319
0.813133
0.799596
0.788657
0.779513
0.769339
0.764609
0.758211
0.751777
0.746616
0.742098
0.738494
0.729837
0.720371
0.712511
0.705382
0.697734
0.692752
0.687039
0.681446
0.677074
0.672558
0.666746
0.660049
0.654217
0.648108
0.642103
0.635444
0.630194
0.625138
0.620916
0.616396
0.611321
0.605706
0.599875
0.596113
0.592493
0.588072
0.584483
0.580933
0.577697
0.573374
0.569833
0.566629
0.564032
0.560244
0.556951
0.554269
0.551142
0.548197
0.545696
0.543693
0.54238
0.539777
0.537161
0.535188
0.532909
0.531255
0.530091
0.528328
0.52583
0.523948
0.523479
0.522313
0.521222
0.520269
0.519274
0.518424
0.517482
0.517191
0.516148
0.51458
0.514935
0.515287
0.514711
0.515097
0.515141
0.515811
0.516466
0.516638
0.51688
0.517263
