0
0.0163934
0.0254237
0.021164
0.0240964
0.0194175
0.0164835
0.0213777
0.0203666
0.0194346
0.0220126
0.021021
0.0213675
0.0204638
0.0198413
0.02125
0.0203349
0.0206897
0.0218579
0.0219895
0.0212121
0.0205479
0.0213755
0.0214286
0.0206009
0.0207641
0.0210016
0.0204563
0.0207852
0.0201192
0.0201584
0.0198441
0.0193906
0.0195418
0.0197109
0.0211538
0.0212899
0.0207697
0.0214413
0.0208696
0.021542
0.0210293
0.0211726
0.0206568
0.0206612
0.0223011
0.0225338
0.0225822
0.0226506
0.0223597
0.0220037
0.0215794
0.022182
0.0218166
0.0223488
0.0219638
0.0220432
0.0221294
0.0218017
0.0213624
0.022231
0.0218835
0.0215302
0.0211961
0.0209738
0.0206795
0.0203636
0.0201005
0.0209368
0.0206222
0.0207254
0.0208618
0.0208965
0.0206117
0.0206761
0.0214704
0.0215019
0.0221099
0.0218545
0.0222085
0.0219713
0.0216998
0.0214797
0.021264
0.0209607
0.0207972
0.0205832
0.0204487
0.020276
0.020123
0.0204589
0.0210728
0.0208842
0.0209677
0.0207723
0.0208278
0.020659
0.0204504
0.020246
0.0205063
0.0203313
