0
0.0416667
0.037037
0.0296496
0.0271399
0.0211726
0.0224868
0.0227273
0.0221328
0.0212202
0.0187793
0.0193022
0.0191354
0.0181941
0.0185897
0.0183936
0.0181499
0.0185915
0.0188273
0.0180599
0.0178838
0.0190295
0.0193816
0.0188004
0.0182609
0.0181741
0.018018
0.0174396
0.0174014
0.0172543
0.0175889
0.0175439
0.0177762
0.0173351
0.0176549
0.0172751
0.018754
0.0186393
0.0181818
0.0180313
0.0176505
0.0181509
0.0177926
0.0185286
0.0186766
0.0185621
0.018694
0.0185976
0.0187146
0.0191283
0.0189979
0.0186654
0.0183655
0.0185018
0.0188512
0.0185306
0.0182639
0.0183428
0.0184839
0.0186094
0.0185596
0.0185038
0.0186201
0.0185292
0.0186489
0.0183727
0.0181347
0.0181551
0.0178991
0.017819
0.0181147
0.0183486
0.0182875
0.0184122
0.0184846
0.0185978
0.0184219
0.0181935
0.0183325
0.0184078
0.0184496
0.0184417
0.0185017
0.0182689
0.0182574
0.0183581
0.0181528
0.0184067
0.0186477
0.0185811
0.018428
0.018557
0.0185261
0.0183399
0.0181452
0.0180923
0.0181436
0.0182529
0.0182123
0.0180492
0.0181334
